state={
    id=14
    name="STATE_ESP"
    provinces={
        296
        297
        298
        300
        308
        580
        582
        585
        587
        590
        840
        841
        842
        849
        850
        851
        852
        853
        1015
        1016
        1017
        1018
        1019
        1020
        1021
        1022
        1023
        1024
        1595
        1596
        1597
        1598
        1599
    }
}
manpower=0
buildings_max_level_factor=1.000
