state={
    id=17
    name="STATE_FRA"
    provinces={
        75
        78
        80
        82
        83
        114
        217
        219
        220
        222
        223
        295
        299
        301
        302
        305
        387
        388
        394
        395
        397
        399
        835
        836
        837
        838
        839
        854
        855
        856
        857
        858
        859
        860
        861
        862
        863
        864
        865
        866
        867
        868
        883
        884
        1515
        1516
        1517
        1518
        1519
        1520
        1521
        1522
        1523
        1524
        1525
        1526
        1527
        1528
        1529
        1530
        1531
        1532
        1533
        1534
        1535
        1536
        1537
        1538
        1539
        1540
        1541
        1542
        1543
        1544
        1545
        1546
        1547
        1548
        1549
        1550
        1551
        1552
        1553
        1554
        1555
        1556
        1557
        1558
        1559
        1560
        1561
        1562
        1563
        1564
        1565
        1566
    }
}
manpower=0
buildings_max_level_factor=1.000
