state={
    id=18
    name="STATE_ESP"
    provinces={
        108
        260
        261
        262
        264
        272
        365
        507
        564
        566
        569
        571
        574
        575
        876
        877
        878
        879
        880
        881
        882
        883
        884
        885
        893
        894
        895
        896
        897
        941
        1101
        1102
        1103
        1104
        1105
        1106
        1107
        1108
        1109
        1110
        1111
        1674
        1675
        1676
        1677
        1678
        1679
        1680
        1681
    }
}
manpower=0
buildings_max_level_factor=1.000
