state={
    id=18
    name="STATE_GBR"
    provinces={
        154
        155
        156
        160
        161
        162
        591
        592
        593
        594
        595
        596
        597
        598
        599
        600
        601
        602
        630
        631
        632
        633
        634
        635
        636
        637
        638
        639
        648
        649
        650
        651
        652
        653
        654
        655
        656
        657
        658
        659
        660
        661
        662
        663
        664
        665
        666
        667
        668
        669
        670
        671
        672
        673
        674
        675
        676
        677
        678
        679
        680
        681
        682
        683
        684
        685
        686
        687
        688
        689
        690
        691
        692
        693
        694
        695
        696
        697
        698
        699
        700
        701
        702
        703
        704
        705
        706
        707
        708
        709
        710
        711
        712
        713
        714
        715
        716
        717
        718
        719
        720
        721
        722
        723
        885
        886
        889
        891
        892
        896
        1239
        1240
        1241
        1242
        1243
        1244
        1245
        1246
        1247
        1248
        1249
        1250
        1251
        1252
        1253
        1254
        1255
        1256
        1257
        1258
        1259
        1260
        1261
        1262
        1263
        1264
        1265
        1266
        1267
        1268
        1269
        1270
        1271
        1272
        1273
        1274
        1275
        1276
        1277
        1278
        1279
        1280
        1281
        1282
        1283
        1284
        1285
        1286
        1287
        1288
        1289
        1290
        1291
        1292
        1293
        1294
        1295
        1296
        1297
        1298
        1299
        1300
        1301
        1302
        1303
        1304
        1305
        1306
        1307
        1308
        1309
        1310
        1311
        1312
        1313
        1314
        1315
        1316
        1317
        1318
        1319
        1320
        1321
        1322
        1323
        1324
        1325
        1326
        1327
        1328
        1329
        1330
        1331
        1332
        1333
        1334
        1335
        1336
        1337
        1338
        1339
        1340
        1341
        1569
        1570
        1571
        1572
        1573
        1574
        1575
        1576
        1577
        1578
        1579
        1580
        1581
        1582
        1583
        1584
        1585
        1586
        1587
    }
}
manpower=0
buildings_max_level_factor=1.000
