state={
    id=19
    name="STATE_HUN"
    provinces={
        120
        122
        124
        125
        160
        162
        163
        214
        217
        218
        220
        223
        429
        431
        432
        434
        435
        1527
        1528
        1529
        1530
        1531
        1532
        1533
        1534
        1535
        1536
        1537
        1538
        1539
        1540
        1568
        1569
        1570
        1571
        1572
        1573
        1574
        1575
        1576
        1577
        1578
        1579
    }
}
manpower=0
buildings_max_level_factor=1.000
