state={
    id=20
    name="STATE_DZA"
    provinces={
        336
        698
        700
        705
        711
        713
        715
        719
        720
        727
        737
        738
        833
        834
        835
        836
        837
        838
        839
        840
        841
        842
        843
        844
        1666
        1667
        1668
        1669
        1670
        1671
        1672
        1673
        1674
        1675
        1676
        1677
        1678
        1679
        1680
        1681
        1682
        1683
        1684
        1685
        1686
        1687
        1688
        1689
    }
}
manpower=0
buildings_max_level_factor=1.000
