state={
    id=20
    name="STATE_IRL"
    provinces={
        132
        136
        137
        138
        142
        616
        617
        618
        619
        620
        621
        622
        623
        624
        625
        626
        627
        628
        629
        630
        641
        642
        1279
        1280
        1281
        1282
        1283
        1284
        1285
        1286
        1287
        1288
        1289
        1290
    }
}
manpower=0
buildings_max_level_factor=1.000
