state={
    id=21
    name="STATE_HUN"
    provinces={
        546
        547
        548
        549
        550
        551
        552
        553
        554
        555
        556
        557
        558
        559
        560
        561
        562
        563
        564
        565
        566
        567
        568
        569
        570
        571
        572
        573
        574
        575
        576
        577
        578
        579
        580
        581
        582
        583
        584
        585
        586
        587
    }
}
manpower=0
buildings_max_level_factor=1.000
