state={
    id=22
    name="STATE_HUN"
    provinces={
        141
        143
        145
        146
        179
        181
        182
        239
        242
        243
        245
        248
        451
        453
        454
        456
        457
        1421
        1422
        1423
        1424
        1425
        1426
        1427
        1428
        1429
        1430
        1431
        1432
        1433
        1434
        1465
        1466
        1467
        1468
        1469
        1470
        1471
        1472
        1473
        1474
        1475
        1476
    }
}
manpower=0
buildings_max_level_factor=1.000
