state={
    id=22
    name="STATE_ITA"
    provinces={
        164
        166
        168
        169
        171
        172
        197
        199
        202
        242
        245
        253
        255
        262
        267
        822
        823
        824
        825
        826
        827
        828
        829
        830
        831
        832
        833
        834
        835
        836
        837
        838
        839
        840
        841
        842
        843
        844
        845
        846
        847
        848
        849
        850
        851
        852
        853
        854
        855
        856
        857
        858
        859
        860
        861
        862
        954
        958
        959
        960
        961
        962
        963
        964
        966
        967
        968
        969
        970
        971
        972
        973
        1580
        1581
        1582
        1583
        1584
        1585
        1586
        1587
        1588
        1589
        1590
        1591
        1592
        1593
        1594
        1595
        1596
        1597
        1598
        1599
        1600
        1601
        1602
        1603
        1604
        1605
        1606
        1607
        1608
        1609
        1610
        1611
        1612
        1613
        1614
        1615
        1616
        1617
    }
}
manpower=0
buildings_max_level_factor=1.000
