state={
    id=23
    name="STATE_GBR"
    provinces={
        126
        127
        128
        132
        133
        134
        578
        579
        580
        581
        582
        583
        584
        585
        586
        587
        588
        589
        645
        646
        647
        648
        649
        650
        651
        652
        653
        654
        664
        665
        666
        667
        668
        669
        670
        671
        672
        673
        674
        675
        676
        677
        678
        679
        680
        681
        682
        683
        684
        685
        686
        687
        688
        689
        690
        691
        692
        693
        694
        695
        696
        697
        698
        699
        700
        701
        702
        703
        704
        705
        706
        707
        708
        709
        710
        711
        712
        713
        714
        715
        716
        717
        718
        719
        720
        721
        722
        723
        724
        725
        726
        727
        728
        729
        730
        731
        732
        733
        734
        735
        736
        737
        738
        739
        954
        955
        959
        961
        962
        977
        1304
        1305
        1306
        1307
        1308
        1309
        1310
        1311
        1312
        1313
        1314
        1315
        1316
        1317
        1318
        1319
        1320
        1321
        1322
        1323
        1324
        1325
        1326
        1327
        1328
        1329
        1330
        1331
        1332
        1333
        1334
        1335
        1336
        1337
        1338
        1339
        1340
        1341
        1342
        1343
        1344
        1345
        1346
        1347
        1348
        1349
        1350
        1351
        1352
        1353
        1354
        1355
        1356
        1357
        1358
        1359
        1360
        1361
        1362
        1363
        1364
        1365
        1366
        1367
        1368
        1369
        1370
        1371
        1372
        1373
        1374
        1375
        1376
        1377
        1378
        1379
        1380
        1381
        1382
        1383
        1384
        1385
        1386
        1387
        1388
        1389
        1390
        1391
        1392
        1393
        1394
        1395
        1396
        1397
        1398
        1399
        1400
        1401
        1402
        1403
        1404
        1405
        1406
        1648
        1649
        1650
        1651
        1652
        1653
        1654
        1655
        1656
        1657
        1658
        1659
        1660
        1661
        1662
        1663
        1664
        1665
        1666
    }
}
manpower=0
buildings_max_level_factor=1.000
