state={
    id=23
    name="STATE_IRL"
    provinces={
        153
        157
        158
        159
        163
        615
        616
        617
        618
        619
        620
        621
        622
        623
        624
        625
        626
        627
        628
        629
        640
        641
        1198
        1199
        1200
        1201
        1202
        1203
        1204
        1205
        1206
        1207
        1208
        1209
    }
}
manpower=0
buildings_max_level_factor=1.000
