state={
    id=24
    name="STATE_ESP"
    provinces={
        145
        314
        353
        354
        355
        357
        365
        458
        643
        777
        779
        782
        784
        787
        788
        1138
        1139
        1140
        1141
        1142
        1143
        1144
        1145
        1146
        1147
        1155
        1156
        1157
        1158
        1159
        1199
        1200
        1246
        1421
        1422
        1423
        1424
        1425
        1426
        1427
        1428
        1429
        1430
        1431
        2118
        2119
        2120
        2121
        2122
        2123
        2124
        2125
    }
}
manpower=0
buildings_max_level_factor=1.000
