state={
    id=25
    name="STATE_ITA"
    provinces={
        183
        185
        187
        188
        190
        191
        216
        218
        221
        266
        269
        277
        279
        286
        291
        803
        804
        805
        806
        807
        808
        809
        810
        811
        812
        813
        814
        815
        816
        817
        818
        819
        820
        821
        822
        823
        824
        825
        826
        827
        828
        829
        830
        831
        832
        833
        834
        881
        882
        1478
        1479
        1480
        1481
        1482
        1483
        1484
        1485
        1486
        1487
        1488
        1489
        1490
        1491
        1492
        1493
        1494
        1495
        1496
        1497
        1498
        1499
        1500
        1501
        1502
        1503
        1504
        1505
        1506
        1507
        1508
        1509
        1510
        1511
        1512
        1513
        1514
    }
}
manpower=0
buildings_max_level_factor=1.000
