state={
    id=27
    name="STATE_FRA"
    provinces={
        98
        101
        103
        105
        106
        144
        260
        262
        263
        265
        266
        352
        356
        358
        359
        362
        444
        445
        451
        452
        454
        456
        1133
        1134
        1135
        1136
        1137
        1160
        1161
        1162
        1163
        1164
        1165
        1166
        1167
        1168
        1169
        1170
        1171
        1172
        1173
        1174
        1255
        1256
        2037
        2038
        2039
        2040
        2041
        2042
        2043
        2044
        2045
        2046
        2047
        2048
        2049
        2050
        2051
        2052
        2053
        2054
        2055
        2056
        2057
        2058
        2059
        2060
        2061
        2062
        2063
        2064
        2065
        2066
        2067
        2068
        2069
        2070
        2071
        2072
        2073
        2074
        2075
        2076
        2077
        2078
        2079
        2080
        2081
        2082
        2083
        2084
        2085
        2086
        2087
        2088
    }
}
manpower=0
buildings_max_level_factor=1.000
