state={
    id=29
    name="STATE_GBR"
    provinces={
        192
        193
        194
        198
        199
        200
        791
        792
        793
        794
        795
        796
        797
        798
        799
        800
        801
        802
        901
        902
        903
        904
        905
        906
        907
        908
        909
        910
        920
        921
        922
        923
        924
        925
        926
        927
        928
        929
        930
        931
        932
        933
        934
        935
        936
        937
        938
        939
        940
        941
        942
        943
        944
        945
        946
        947
        948
        949
        950
        951
        952
        953
        954
        955
        956
        957
        958
        959
        960
        961
        962
        963
        964
        965
        966
        967
        968
        969
        970
        971
        972
        973
        974
        975
        976
        977
        978
        979
        980
        981
        982
        983
        984
        985
        986
        987
        988
        989
        990
        991
        992
        993
        994
        995
        1259
        1260
        1264
        1266
        1267
        1285
        1691
        1692
        1693
        1694
        1695
        1696
        1697
        1698
        1699
        1700
        1701
        1702
        1703
        1704
        1705
        1706
        1707
        1708
        1709
        1710
        1711
        1712
        1713
        1714
        1715
        1716
        1717
        1718
        1719
        1720
        1721
        1722
        1723
        1724
        1725
        1726
        1727
        1728
        1729
        1730
        1731
        1732
        1733
        1734
        1735
        1736
        1737
        1738
        1739
        1740
        1741
        1742
        1743
        1744
        1745
        1746
        1747
        1748
        1749
        1750
        1751
        1752
        1753
        1754
        1755
        1756
        1757
        1758
        1759
        1760
        1761
        1762
        1763
        1764
        1765
        1766
        1767
        1768
        1769
        1770
        1771
        1772
        1773
        1774
        1775
        1776
        1777
        1778
        1779
        1780
        1781
        1782
        1783
        1784
        1785
        1786
        1787
        1788
        1789
        1790
        1791
        1792
        1793
        2092
        2093
        2094
        2095
        2096
        2097
        2098
        2099
        2100
        2101
        2102
        2103
        2104
        2105
        2106
        2107
        2108
        2109
        2110
    }
}
manpower=0
buildings_max_level_factor=1.000
