state={
    id=29
    name="STATE_HUN"
    provinces={
        113
        115
        117
        118
        151
        153
        154
        202
        205
        206
        208
        211
        417
        419
        420
        422
        423
        1500
        1501
        1502
        1503
        1504
        1505
        1506
        1507
        1508
        1509
        1510
        1511
        1512
        1513
        1546
        1547
        1548
        1549
        1550
        1551
        1552
        1553
        1554
        1555
        1556
        1557
    }
}
manpower=0
buildings_max_level_factor=1.000
