state={
    id=30
    name="STATE_LVA"
    provinces={
        20
        21
        23
        25
        26
        28
        29
        30
        31
        32
        33
        34
        35
        36
        38
        39
        40
        42
        44
        45
        46
        48
        49
        50
        51
        52
        53
        54
        55
        525
        526
        733
        734
        735
        736
        737
        738
        739
        740
        741
        742
        743
        744
        745
        746
        747
        748
        1130
        1131
        1132
        1133
        1134
        1135
        1136
        1137
        1138
        1139
        1140
        1141
        1142
        1143
        1144
        1145
        1146
        1147
        1148
        1149
        1150
        1151
        1152
        1153
        1154
        1155
        1156
        1157
        1158
        1159
        1160
        1161
        1162
        1163
        1164
        1165
        1166
        1167
        1168
        1169
        1170
        1171
        1172
        1173
        1174
        1175
        1176
        1177
        1178
        1179
        1180
        1181
        1182
        1183
        1184
        1185
        1186
        1187
        1188
        1189
        1190
        1191
        1461
        1462
        1463
        1588
        1589
        1590
        1591
        1592
        1593
        1594
    }
}
manpower=0
buildings_max_level_factor=1.000
