state={
    id=30
    name="STATE_MLT"
    provinces={
        924
        925
        926
        927
        928
        929
        930
        931
        932
        933
        934
        935
        936
        937
        938
        939
        940
        941
        942
        943
        944
        945
        946
        947
        948
        949
        950
        951
        952
        953
        1712
        1713
        1714
        1715
        1716
        1717
        1718
        1719
        1720
        1721
        1722
        1723
        1724
        1725
        1726
        1727
        1728
        1729
        1730
        1731
        1732
        1733
        1734
        1735
        1736
        1737
        1738
        1739
        1740
        1741
        1742
        1743
        1744
        1745
        1746
        1747
        1748
        1749
    }
}
manpower=0
buildings_max_level_factor=1.000
