state={
    id=30
    name="STATE_MDA"
    provinces={
        887
        888
        889
        890
        891
        892
        893
        894
        895
        896
        897
        898
        899
        900
        901
        902
        903
        904
        905
        906
        907
        908
        909
        910
        911
        912
        913
        914
        915
        916
        917
        918
        919
        920
        921
        922
        923
        924
        925
    }
}
manpower=0
buildings_max_level_factor=1.000
