state={
    id=31
    name="STATE_IRL"
    provinces={
        125
        129
        130
        131
        135
        630
        631
        632
        633
        634
        635
        636
        637
        638
        639
        640
        641
        642
        643
        644
        655
        656
        1270
        1271
        1272
        1273
        1274
        1275
        1276
        1277
        1278
        1279
        1280
        1281
    }
}
manpower=0
buildings_max_level_factor=1.000
