state={
    id=31
    name="STATE_MDA"
    provinces={
        488
        489
        490
        491
        492
        494
        495
        496
        498
        499
        500
        508
        510
        511
        512
        513
        514
        515
        516
        517
        518
        519
        520
        521
        522
        922
        923
        924
        925
        926
        927
        928
        929
        930
        931
        932
        1126
        1127
        1128
        1129
    }
}
manpower=0
buildings_max_level_factor=1.000
