state={
    id=32
    name="STATE_MKD"
    provinces={
        92
        94
        95
        96
        97
        101
        102
        103
        104
        312
        313
        314
        315
        316
        317
        318
        319
        320
        321
        323
        325
        327
        328
        329
        331
        332
        333
        334
        336
        337
        338
        339
        349
        350
        352
        353
        1373
        1374
        1375
        1376
        1377
        1378
        1379
        1380
        1381
        1382
        1383
        1384
        1385
        1386
        1387
        1388
        1389
        1390
        1391
        1392
        1393
        1394
        1395
        1396
        1397
        1398
        1399
        1400
        1401
        1402
        1403
        1404
        1405
        1406
        1407
        1408
        1409
        1410
        1411
        1412
        1413
        1414
        1415
        1416
        1417
        1418
        1419
        1420
    }
}
manpower=0
buildings_max_level_factor=1.000
