state={
    id=33
    name="STATE_ITA"
    provinces={
        155
        157
        159
        160
        162
        163
        185
        187
        190
        229
        232
        240
        242
        250
        255
        830
        831
        832
        833
        834
        835
        836
        837
        838
        839
        840
        841
        842
        843
        844
        845
        846
        847
        848
        849
        850
        851
        852
        853
        854
        855
        856
        857
        858
        859
        860
        861
        862
        863
        864
        865
        866
        867
        868
        869
        870
        930
        934
        935
        936
        937
        938
        939
        940
        942
        943
        944
        945
        946
        947
        948
        949
        1558
        1559
        1560
        1561
        1562
        1563
        1564
        1565
        1566
        1567
        1568
        1569
        1570
        1571
        1572
        1573
        1574
        1575
        1576
        1577
        1578
        1579
        1580
        1581
        1582
        1583
        1584
        1585
        1586
        1587
        1588
        1589
        1590
        1591
        1592
        1593
        1594
        1595
    }
}
manpower=0
buildings_max_level_factor=1.000
