state={
    id=35
    name="STATE_ROU"
    provinces={
        676
        677
        678
        679
        680
        681
        682
        683
        684
        685
        686
        687
        688
        689
        690
        691
        692
        693
        694
        695
        696
        697
        698
        699
        700
        701
        702
        703
        704
        705
        706
        707
        708
        709
        710
        711
        712
        713
        714
        715
        716
    }
}
manpower=0
buildings_max_level_factor=1.000
