state={
    id=36
    name="STATE_HUN"
    provinces={
        179
        181
        183
        184
        221
        223
        224
        286
        289
        290
        292
        295
        510
        512
        513
        515
        516
        1939
        1940
        1941
        1942
        1943
        1944
        1945
        1946
        1947
        1948
        1949
        1950
        1951
        1952
        1986
        1987
        1988
        1989
        1990
        1991
        1992
        1993
        1994
        1995
        1996
        1997
    }
}
manpower=0
buildings_max_level_factor=1.000
