state={
    id=36
    name="STATE_ROU"
    provinces={
        119
        121
        123
        126
        440
        441
        443
        445
        446
        447
        450
        455
        465
        471
        475
        479
        481
        482
        485
        1148
        1149
        1150
        1151
        1152
        1153
        1154
        1155
        1156
        1157
        1158
        1159
        1160
        1161
        1162
        1163
        1164
        1165
        1166
        1167
        1197
        1198
        1563
    }
}
manpower=0
buildings_max_level_factor=1.000
