state={
    id=37
    name="STATE_RUS"
    provinces={
        13
        33
        89
        90
        91
        92
        93
        94
        95
        205
        206
        211
        505
        507
        509
        511
        512
        515
        516
        519
        520
        521
        522
        523
        524
        525
        533
        534
        535
        536
        537
        538
        539
        540
        541
        542
        547
        614
        615
        644
        726
        736
        737
        738
        758
        805
        806
        916
        984
        991
        1438
        1439
        1440
        1441
        1442
        1443
        1444
        1445
        1446
        1447
        1448
        1449
        1450
        1451
        1452
        1453
        1454
        1455
        1456
        1457
        1458
        1459
        1460
        1461
        1462
        1463
        1464
        1465
        1466
        1467
        1468
        1469
        1470
        1471
        1472
        1473
    }
}
manpower=0
buildings_max_level_factor=1.000
