state={
    id=38
    name="STATE_IRL"
    provinces={
        191
        195
        196
        197
        201
        886
        887
        888
        889
        890
        891
        892
        893
        894
        895
        896
        897
        898
        899
        900
        911
        912
        1615
        1616
        1617
        1618
        1619
        1620
        1621
        1622
        1623
        1624
        1625
        1626
    }
}
manpower=0
buildings_max_level_factor=1.000
