state={
    id=39
    name="STATE_LVA"
    provinces={
        22
        23
        25
        27
        28
        30
        31
        32
        34
        35
        36
        37
        38
        39
        41
        42
        43
        45
        47
        48
        49
        51
        52
        53
        54
        55
        56
        57
        58
        491
        492
        751
        752
        753
        754
        755
        756
        757
        758
        759
        760
        761
        762
        763
        764
        765
        766
        1202
        1203
        1204
        1205
        1206
        1207
        1208
        1209
        1210
        1211
        1212
        1213
        1214
        1215
        1216
        1217
        1218
        1219
        1220
        1221
        1222
        1223
        1224
        1225
        1226
        1227
        1228
        1229
        1230
        1231
        1232
        1233
        1234
        1235
        1236
        1237
        1238
        1239
        1240
        1241
        1242
        1243
        1244
        1245
        1246
        1247
        1248
        1249
        1250
        1251
        1252
        1253
        1254
        1255
        1256
        1257
        1258
        1259
        1260
        1261
        1262
        1263
        1542
        1543
        1544
        1667
        1668
        1669
        1670
        1671
        1672
        1673
    }
}
manpower=0
buildings_max_level_factor=1.000
