state={
    id=41
    name="STATE_SVN"
    provinces={
        225
        227
        228
        229
        230
        231
        232
        233
        234
        256
        257
        258
        259
        260
        261
        263
        264
        265
        266
        268
        269
        270
        380
        382
        383
        384
        385
        386
        387
        388
        389
        390
        391
        392
        393
        394
        395
        396
        397
        398
        399
        400
        401
        549
        550
        551
        552
        554
        555
        556
        557
        558
        560
        561
        562
        563
        564
        566
        567
        568
        569
        570
        572
        573
        574
        575
        576
        821
        1007
        1008
        1009
        1010
        1011
        1012
        1013
        1014
        1015
        1016
        1038
        1039
        1040
        1041
        1042
        1043
        1044
        1045
        1046
        1047
        1048
        1049
        1050
        1051
        1052
        1053
        1054
        1055
        1056
        1057
        1058
        1059
        1060
        1061
        1062
        1063
        1064
        1065
        1066
        1067
        1068
        1069
        1070
        1071
        1072
        1073
        1074
        1075
        1076
        1077
        1078
        1079
        1080
        1081
        1082
        1083
        1084
        1085
        1086
        1087
        1088
        1089
        1090
        1091
        1092
        1093
        1094
        1095
        1096
        1097
        1098
        1099
        1100
        1101
        1102
        1103
        1121
        1122
        1123
        1124
        1125
        1126
        1127
        1128
        1129
        1130
        1131
        1132
        1133
        1134
        1135
        1136
        1137
        1138
        1139
        1140
        1141
        1142
        1143
        1144
        1145
        1146
        1147
        1168
        1169
        1170
        1171
        1172
        1173
        1174
        1175
        1176
        1177
        1178
        1179
        1180
        1181
        1182
        1183
        1184
        1185
        1186
        1187
        1188
        1189
    }
}
manpower=0
buildings_max_level_factor=1.000
