state={
    id=42
    name="STATE_MDA"
    provinces={
        454
        455
        456
        457
        458
        460
        461
        462
        464
        465
        466
        474
        476
        477
        478
        479
        480
        481
        482
        483
        484
        485
        486
        487
        488
        1007
        1008
        1009
        1010
        1011
        1012
        1013
        1014
        1015
        1016
        1017
        1198
        1199
        1200
        1201
    }
}
manpower=0
buildings_max_level_factor=1.000
