state={
    id=42
    name="STATE_RUS"
    provinces={
        307
        316
        318
        319
        321
        324
        326
        328
        360
        361
        362
        405
        406
        408
        410
        411
        414
        415
        424
        425
        426
        427
        428
        429
        447
        448
        478
        479
        541
        542
        543
        544
        545
        546
        547
        548
        549
        550
        551
        552
        553
        554
        555
        556
        557
        558
        559
        560
        561
        562
        563
        564
        565
        566
        567
        568
        569
        570
        571
        572
    }
}
manpower=0
buildings_max_level_factor=1.000
