state={
    id=43
    name="STATE_ITA"
    provinces={
        225
        227
        229
        230
        232
        233
        259
        261
        264
        317
        320
        331
        333
        343
        348
        1092
        1093
        1094
        1095
        1096
        1097
        1098
        1099
        1100
        1101
        1102
        1103
        1104
        1105
        1106
        1107
        1108
        1109
        1110
        1111
        1112
        1113
        1114
        1115
        1116
        1117
        1118
        1119
        1120
        1121
        1122
        1123
        1124
        1125
        1126
        1127
        1128
        1129
        1130
        1131
        1132
        1235
        1239
        1240
        1241
        1242
        1243
        1244
        1245
        1247
        1248
        1249
        1250
        1251
        1252
        1253
        1254
        1999
        2000
        2001
        2002
        2003
        2004
        2005
        2006
        2007
        2008
        2009
        2010
        2011
        2012
        2013
        2014
        2015
        2016
        2017
        2018
        2019
        2020
        2021
        2022
        2023
        2024
        2025
        2026
        2027
        2028
        2029
        2030
        2031
        2032
        2033
        2034
        2035
        2036
    }
}
manpower=0
buildings_max_level_factor=1.000
