state={
    id=43
    name="STATE_MKD"
    provinces={
        90
        92
        93
        94
        95
        99
        100
        101
        102
        276
        277
        278
        279
        280
        281
        282
        283
        284
        285
        287
        289
        291
        292
        293
        295
        296
        297
        298
        300
        301
        302
        303
        313
        314
        316
        317
        1452
        1453
        1454
        1455
        1456
        1457
        1458
        1459
        1460
        1461
        1462
        1463
        1464
        1465
        1466
        1467
        1468
        1469
        1470
        1471
        1472
        1473
        1474
        1475
        1476
        1477
        1478
        1479
        1480
        1481
        1482
        1483
        1484
        1485
        1486
        1487
        1488
        1489
        1490
        1491
        1492
        1493
        1494
        1495
        1496
        1497
        1498
        1499
    }
}
manpower=0
buildings_max_level_factor=1.000
