state={
    id=43
    name="STATE_TUR"
    provinces={
        113
        114
        158
        159
        175
        176
        177
        236
        238
        518
        526
        527
        528
        529
        530
        647
        648
        649
        784
        785
        786
        787
        788
        789
        790
        791
        792
        793
        794
        795
        796
        797
        798
        799
        800
        801
        802
        803
        804
        1028
        1029
        1030
        1031
        1032
        1033
        1034
        1035
        1036
        1037
        1406
        1407
        1408
        1409
        1410
        1411
        1412
        1413
        1414
        1415
        1416
        1417
        1418
        1419
        1420
        1421
        1422
        1423
        1424
        1425
        1426
        1427
        1428
        1429
        1430
        1431
        1432
        1433
        1434
        1435
        1436
        1437
    }
}
manpower=0
buildings_max_level_factor=1.000
