state={
    id=48
    name="STATE_TUR"
    provinces={
        334
        336
        352
        353
        357
        358
        359
        368
        369
        417
        420
        421
        422
        423
        438
        439
        440
        458
        459
        460
        461
        462
        463
        464
        465
        466
        467
        468
        469
        470
        471
        472
        473
        474
        475
        476
        477
        489
        490
        491
        492
        493
        494
        495
        496
        497
        498
        509
        510
        511
        512
        513
        514
        515
        516
        517
        518
        519
        520
        521
        522
        523
        524
        525
        526
        527
        528
        529
        530
        531
        532
        533
        534
        535
        536
        537
        538
        539
        540
    }
}
manpower=0
buildings_max_level_factor=1.000
