state={
    id=49
    name="STATE_ROU"
    provinces={
        112
        114
        116
        119
        428
        429
        431
        433
        434
        435
        438
        443
        453
        459
        463
        467
        469
        470
        473
        1139
        1140
        1141
        1142
        1143
        1144
        1145
        1146
        1147
        1148
        1149
        1150
        1151
        1152
        1153
        1154
        1155
        1156
        1157
        1158
        1188
        1189
        1541
    }
}
manpower=0
buildings_max_level_factor=1.000
