state={
    id=50
    name="STATE_RUS"
    provinces={
        33
        89
        193
        194
        199
        493
        495
        497
        499
        500
        503
        504
        520
        521
        534
        658
        749
        750
        770
        813
        814
        980
        1423
        1424
        1425
        1426
        1427
        1428
        1429
        1430
        1431
        1432
        1433
        1434
        1435
        1436
        1437
        1438
        1439
        1440
        1441
        1442
        1443
        1444
        1445
        1446
    }
}
manpower=0
buildings_max_level_factor=1.000
