state={
    id=55
    name="STATE_LVA"
    provinces={
        42
        43
        45
        47
        48
        50
        51
        52
        54
        55
        56
        57
        58
        59
        61
        62
        63
        65
        67
        68
        69
        71
        72
        73
        74
        75
        76
        77
        78
        584
        585
        1007
        1008
        1009
        1010
        1011
        1012
        1013
        1014
        1015
        1016
        1017
        1018
        1019
        1020
        1021
        1022
        1544
        1545
        1546
        1547
        1548
        1549
        1550
        1551
        1552
        1553
        1554
        1555
        1556
        1557
        1558
        1559
        1560
        1561
        1562
        1563
        1564
        1565
        1566
        1567
        1568
        1569
        1570
        1571
        1572
        1573
        1574
        1575
        1576
        1577
        1578
        1579
        1580
        1581
        1582
        1583
        1584
        1585
        1586
        1587
        1588
        1589
        1590
        1591
        1592
        1593
        1594
        1595
        1596
        1597
        1598
        1599
        1600
        1601
        1602
        1603
        1604
        1605
        1982
        1983
        1984
        2111
        2112
        2113
        2114
        2115
        2116
        2117
    }
}
manpower=0
buildings_max_level_factor=1.000
