state={
    id=55
    name="STATE_SVN"
    provinces={
        213
        215
        216
        217
        218
        219
        220
        221
        222
        244
        245
        246
        247
        248
        249
        251
        252
        253
        254
        256
        257
        258
        368
        370
        371
        372
        373
        374
        375
        376
        377
        378
        379
        380
        381
        382
        383
        384
        385
        386
        387
        388
        389
        536
        537
        538
        539
        541
        542
        543
        544
        545
        547
        548
        549
        550
        551
        553
        554
        555
        556
        557
        559
        560
        561
        562
        563
        829
        997
        998
        999
        1000
        1001
        1002
        1003
        1004
        1005
        1006
        1029
        1030
        1031
        1032
        1033
        1034
        1035
        1036
        1037
        1038
        1039
        1040
        1041
        1042
        1043
        1044
        1045
        1046
        1047
        1048
        1049
        1050
        1051
        1052
        1053
        1054
        1055
        1056
        1057
        1058
        1059
        1060
        1061
        1062
        1063
        1064
        1065
        1066
        1067
        1068
        1069
        1070
        1071
        1072
        1073
        1074
        1075
        1076
        1077
        1078
        1079
        1080
        1081
        1082
        1083
        1084
        1085
        1086
        1087
        1088
        1089
        1090
        1091
        1092
        1093
        1094
        1112
        1113
        1114
        1115
        1116
        1117
        1118
        1119
        1120
        1121
        1122
        1123
        1124
        1125
        1126
        1127
        1128
        1129
        1130
        1131
        1132
        1133
        1134
        1135
        1136
        1137
        1138
        1159
        1160
        1161
        1162
        1163
        1164
        1165
        1166
        1167
        1168
        1169
        1170
        1171
        1172
        1173
        1174
        1175
        1176
        1177
        1178
        1179
        1180
    }
}
manpower=0
buildings_max_level_factor=1.000
