state={
    id=58
    name="STATE_MDA"
    provinces={
        547
        548
        549
        550
        551
        553
        554
        555
        557
        558
        559
        567
        569
        570
        571
        572
        573
        574
        575
        576
        577
        578
        579
        580
        581
        1324
        1325
        1326
        1327
        1328
        1329
        1330
        1331
        1332
        1333
        1334
        1540
        1541
        1542
        1543
    }
}
manpower=0
buildings_max_level_factor=1.000
