state={
    id=58
    name="STATE_TUR"
    provinces={
        224
        226
        661
        662
        663
        796
        797
        798
        799
        800
        801
        802
        803
        804
        805
        806
        807
        808
        809
        810
        811
        812
        1018
        1019
        1020
        1021
        1022
        1023
        1026
        1027
        1028
        1407
        1408
        1409
        1410
        1411
        1412
        1413
        1414
        1415
        1416
        1417
        1418
        1419
        1420
        1421
        1422
    }
}
manpower=0
buildings_max_level_factor=1.000
