state={
    id=59
    name="STATE_MKD"
    provinces={
        122
        124
        125
        126
        127
        131
        132
        133
        134
        369
        370
        371
        372
        373
        374
        375
        376
        377
        378
        380
        382
        384
        385
        386
        388
        389
        390
        391
        393
        394
        395
        396
        406
        407
        409
        410
        1867
        1868
        1869
        1870
        1871
        1872
        1873
        1874
        1875
        1876
        1877
        1878
        1879
        1880
        1881
        1882
        1883
        1884
        1885
        1886
        1887
        1888
        1889
        1890
        1891
        1892
        1893
        1894
        1895
        1896
        1897
        1898
        1899
        1900
        1901
        1902
        1903
        1904
        1905
        1906
        1907
        1908
        1909
        1910
        1911
        1912
        1913
        1914
    }
}
manpower=0
buildings_max_level_factor=1.000
