state={
    id=5
    name="STATE_AZE"
    provinces={
        105
        121
        122
        123
        125
        126
        129
        130
        131
        132
        134
        135
        136
        137
        138
        139
        229
        230
        231
        232
        233
        234
        235
        236
        237
        536
        537
        538
        539
        540
        541
        542
        876
        877
        878
        1101
        1102
        1103
        1104
        1105
        1106
        1107
        1108
        1109
        1110
        1111
        1112
        1113
        1114
        1115
        1220
        1221
        1222
        1223
        1224
        1225
        1226
        1227
        1228
        1229
        1230
        1231
        1232
        1233
        1234
        1459
        1477
        1567
        1568
    }
}
manpower=0
buildings_max_level_factor=1.000
