state={
    id=61
    name="STATE_MLT"
    provinces={
        1205
        1206
        1207
        1208
        1209
        1210
        1211
        1212
        1213
        1214
        1215
        1216
        1217
        1218
        1219
        1220
        1221
        1222
        1223
        1224
        1225
        1226
        1227
        1228
        1229
        1230
        1231
        1232
        1233
        1234
        2134
        2135
        2136
        2137
        2138
        2139
        2140
        2141
        2142
        2143
        2144
        2145
        2146
        2147
        2148
        2149
        2150
        2151
        2152
        2153
        2154
        2155
        2156
        2157
        2158
        2159
        2160
        2161
        2162
        2163
        2164
        2165
        2166
        2167
        2168
        2169
        2170
        2171
    }
}
manpower=0
buildings_max_level_factor=1.000
