state={
    id=71
    name="STATE_ROU"
    provinces={
        178
        180
        182
        185
        521
        522
        524
        526
        527
        528
        531
        536
        546
        552
        556
        560
        562
        563
        566
        1463
        1464
        1465
        1466
        1467
        1468
        1469
        1470
        1471
        1472
        1473
        1474
        1475
        1476
        1477
        1478
        1479
        1480
        1481
        1482
        1527
        1528
        1981
    }
}
manpower=0
buildings_max_level_factor=1.000
