state={
    id=72
    name="STATE_RUS"
    provinces={
        33
        53
        109
        111
        112
        114
        117
        119
        121
        267
        268
        273
        586
        588
        590
        592
        593
        596
        597
        614
        659
        660
        661
        664
        665
        666
        667
        669
        670
        671
        746
        914
        1005
        1006
        1026
        1075
        1076
        1187
        1288
        1826
        1827
        1828
        1829
        1830
        1831
        1832
        1833
        1834
        1835
        1836
        1837
        1838
        1839
        1840
        1841
        1842
        1843
        1844
        1845
        1846
        1847
        1848
        1849
        1850
        1851
        1852
        1853
        1854
        1855
        1856
        1857
        1858
        1859
        1860
        1861
    }
}
manpower=0
buildings_max_level_factor=1.000
