state={
    id=79
    name="STATE_SVN"
    provinces={
        297
        299
        300
        301
        302
        303
        304
        305
        306
        337
        338
        339
        340
        341
        342
        344
        345
        346
        347
        349
        350
        351
        461
        463
        464
        465
        466
        467
        468
        469
        470
        471
        472
        473
        474
        475
        476
        477
        478
        479
        480
        481
        482
        748
        749
        750
        751
        753
        754
        755
        756
        757
        759
        760
        761
        762
        763
        765
        766
        767
        768
        769
        771
        772
        773
        774
        775
        1091
        1314
        1315
        1316
        1317
        1318
        1319
        1320
        1321
        1322
        1323
        1349
        1350
        1351
        1352
        1353
        1354
        1355
        1356
        1357
        1358
        1359
        1360
        1361
        1362
        1363
        1364
        1365
        1366
        1367
        1368
        1369
        1370
        1371
        1372
        1373
        1374
        1375
        1376
        1377
        1378
        1379
        1380
        1381
        1382
        1383
        1384
        1385
        1386
        1387
        1388
        1389
        1390
        1391
        1392
        1393
        1394
        1395
        1396
        1397
        1398
        1399
        1400
        1401
        1402
        1403
        1404
        1405
        1406
        1407
        1408
        1409
        1410
        1411
        1412
        1413
        1414
        1432
        1433
        1434
        1435
        1436
        1437
        1438
        1439
        1440
        1441
        1442
        1443
        1444
        1445
        1446
        1447
        1448
        1449
        1450
        1451
        1452
        1453
        1454
        1455
        1456
        1457
        1458
        1483
        1484
        1485
        1486
        1487
        1488
        1489
        1490
        1491
        1492
        1493
        1494
        1495
        1496
        1497
        1498
        1499
        1500
        1501
        1502
        1503
        1504
    }
}
manpower=0
buildings_max_level_factor=1.000
