state={
    id=7
    name="STATE_AZE"
    provinces={
        135
        159
        160
        161
        163
        164
        167
        168
        169
        170
        172
        173
        174
        175
        176
        177
        276
        277
        278
        279
        280
        281
        282
        283
        284
        604
        605
        606
        607
        608
        609
        610
        611
        612
        1188
        1189
        1190
        1191
        1192
        1193
        1194
        1195
        1196
        1197
        1512
        1513
        1514
        1515
        1516
        1517
        1518
        1519
        1520
        1521
        1522
        1523
        1524
        1525
        1526
        1648
        1649
        1650
        1651
        1652
        1653
        1654
        1655
        1656
        1657
        1658
        1659
        1660
        1661
        1662
        1979
        1998
        2090
        2091
    }
}
manpower=0
buildings_max_level_factor=1.000
