state={
    id=85
    name="STATE_TUR"
    provinces={
        140
        142
        218
        219
        237
        238
        239
        310
        312
        600
        619
        621
        623
        624
        625
        917
        918
        919
        1052
        1053
        1054
        1055
        1056
        1057
        1058
        1059
        1060
        1061
        1062
        1063
        1064
        1065
        1066
        1067
        1068
        1069
        1070
        1071
        1072
        1335
        1336
        1337
        1338
        1339
        1340
        1341
        1342
        1343
        1344
        1794
        1795
        1796
        1797
        1798
        1799
        1800
        1801
        1802
        1803
        1804
        1805
        1806
        1807
        1808
        1809
        1810
        1811
        1812
        1813
        1814
        1815
        1816
        1817
        1818
        1819
        1820
        1821
        1822
        1823
        1824
        1825
    }
}
manpower=0
buildings_max_level_factor=1.000
